###### Stat. Report ########Sample data 1:
     mean:33.848165147547626
     std:12.402393175158283
     cv:36.641256981272036
Sample data 2:
     mean:33.68553964452381
     std:9.45939327039279
     cv:28.08146572747747
Sample data 3:
     mean:61.099999999999994
     std:1.2897028081435398
     cv:2.1108065599730605
Sample data 4:
     mean:49.42986408119048
     std:9.966909230038281
     cv:20.163739907654296
#############################
Pooled standard Deviation [1-2]= 11.029494039056488
Pooled standard Deviation [3-4]= 7.106427123849072
###### END OF Report ########
